#Last updated: 10/07/2026 14:30:20
[Temperature]
hightempvalue=34.299999999999997
hightemptime=2026-07-10T14:30:20
lowtempvalue=-8.8000000000000007
lowtemptime=2026-01-06T01:17:29
lowchillvalue=-8.8000000000000007
lowchilltime=2026-01-06T01:17:29
highmintempvalue=19.199999999999999
highmintemptime=2026-06-25T05:21:00
lowmaxtempvalue=-0.59999999999999998
lowmaxtemptime=2026-01-05T00:00:00
highapptempvalue=38.087020086042635
highapptemptime=2026-06-26T13:01:44
lowapptempvalue=-11.82505137929488
lowapptemptime=2026-01-06T01:17:29
highfeelslikevalue=37.447644001229413
highfeelsliketime=2026-05-26T13:59:40
lowfeelslikevalue=-8.8000000000000007
lowfeelsliketime=2026-01-06T01:17:29
highhumidexvalue=43.79169406241067
highhumidextime=2026-06-26T13:01:44
highheatindexvalue=39.011986261617793
highheatindextime=2026-06-26T13:01:44
highdewpointvalue=25.120144717703507
highdewpointtime=2026-06-26T11:50:10
lowdewpointvalue=-9.5900365000036576
lowdewpointtime=2026-01-06T01:17:29
hightemprangevalue=20
hightemprangetime=2026-05-25T00:00:00
lowtemprangevalue=0
lowtemprangetime=2024-02-04T00:00:00

[Wind]
highwindvalue=15.274546633549997
highwindtime=2026-04-05T00:11:17
highgustvalue=40.488546849000002
highgusttime=2026-04-04T20:02:18
highdailywindrunvalue=218.63662693907992
highdailywindruntime=2024-12-07T23:59:00

[Rain]
highrainratevalue=65.400000000000006
highrainratetime=2025-10-31T14:54:29
highdailyrainvalue=49.899999999999977
highdailyraintime=2024-09-21T23:11:36
highhourlyrainvalue=32.5
highhourlyraintime=2024-02-06T10:25:00
high24hourrainvalue=62.5
high24hourraintime=2024-09-22T14:52:00
highmonthlyrainvalue=231.89999999999995
highmonthlyraintime=2024-09-30T19:58:54
longestdryperiodvalue=27
longestdryperiodtime=2025-05-20T00:00:00
longestwetperiodvalue=15
longestwetperiodtime=2026-02-13T00:00:00

[Pressure]
highpressurevalue=1038
highpressuretime=2025-12-27T10:10:20
lowpressurevalue=952
lowpressuretime=2024-03-28T17:21:12

[Humidity]
highhumidityvalue=99
highhumiditytime=2024-01-04T21:00:27
lowhumidityvalue=23
lowhumiditytime=2025-04-30T13:48:38
