#Last updated: 31/08/2025 00:00:00
[General]
Date=2025-08-31T00:00:00

[Wind]
Speed=9.9357253547499962
SpTime=2025-08-04T11:33:17
Gust=26.172154592999998
Time=2025-08-07T11:36:26
Windrun=86.096202408745455
WindrunTime=2025-08-09T23:59:00

[Temp]
Low=10
LTime=2025-08-28T06:20:28
High=32.200000000000003
HTime=2025-08-13T14:35:16
LowMax=18.600000000000001
LMTime=2025-08-01T13:24:00
HighMin=17
HMTime=2025-08-12T05:47:00
LowRange=5.2000000000000011
LowRangeTime=2025-08-18T00:00:00
HighRange=17.099999999999998
HighRangeTime=2025-08-25T00:00:00

[Pressure]
Low=975.29999999999995
LTime=2025-08-29T04:32:26
High=1010.6
HTime=2025-08-16T10:42:28

[Rain]
High=20.399999999999999
HTime=2025-08-29T14:10:35
HourlyHigh=4.0999999999999996
HHourlyTime=2025-08-28T17:03:00
DailyHigh=6
HDailyTime=2025-08-30T20:39:51
24Hour=10.1
24HourTime=2025-08-29T14:16:00
LongestDryPeriod=6
LongestDryPeriodTime=2025-08-18T00:00:00
LongestWetPeriod=5
LongestWetPeriodTime=2025-08-30T00:00:00

[Humidity]
Low=39
LTime=2025-08-13T14:42:06
High=98
HTime=2025-08-29T05:59:41

[HeatIndex]
High=32.879454675597785
HTime=2025-08-13T13:22:41

[AppTemp]
Low=8.6856548927784427
LTime=2025-08-06T06:08:49
High=34.684841679865855
HTime=2025-08-13T13:22:51

[Dewpoint]
Low=6.9737896787435822
LTime=2025-08-21T18:46:20
High=19.27810669937563
HTime=2025-08-12T12:01:21

[WindChill]
Low=10
LTime=2025-08-28T06:20:28

[FeelsLike]
Low=9.8040728495545277
LTime=2025-08-06T06:08:49
High=34.626341687065633
HTime=2025-08-13T13:40:02

[Humidex]
High=37.877971580689156
HTime=2025-08-13T13:22:41
