#Last updated: 01/05/2026 00:00:00
[General]
Date=2026-05-01T00:00:00

[Wind]
Speed=15.274546633549997
SpTime=2026-04-05T00:11:17
Gust=40.488546849000002
Time=2026-04-04T20:02:18
Windrun=120.25966787631157
WindrunTime=2026-04-04T23:59:00

[Temp]
Low=-0.59999999999999998
LTime=2026-04-13T06:45:44
High=21.899999999999999
HTime=2026-04-08T14:41:50
LowMax=11.1
LMTime=2026-04-05T13:35:00
HighMin=8.4000000000000004
HMTime=2026-04-15T23:42:00
LowRange=6.1999999999999993
LowRangeTime=2026-04-11T00:00:00
HighRange=19.899999999999999
HighRangeTime=2026-04-25T00:00:00

[Pressure]
Low=994.39999999999998
LTime=2026-04-04T21:37:46
High=1031
HTime=2026-04-23T09:15:53

[Rain]
High=8.4000000000000004
HTime=2026-04-09T14:48:53
HourlyHigh=2.7999999999999998
HHourlyTime=2026-04-09T15:07:00
DailyHigh=4.6000000000000227
HDailyTime=2026-04-15T16:20:56
24Hour=8.5999999999999996
24HourTime=2026-04-15T16:21:00
LongestDryPeriod=12
LongestDryPeriodTime=2026-04-30T00:00:00
LongestWetPeriod=10
LongestWetPeriodTime=2026-04-02T00:00:00

[Humidity]
Low=27
LTime=2026-04-25T18:10:25
High=99
HTime=2026-04-15T00:00:08

[HeatIndex]
High=21.899999999999999
HTime=2026-04-08T14:41:50

[AppTemp]
Low=-2.7293551767661492
LTime=2026-04-13T06:45:44
High=22.508694639365164
HTime=2026-04-08T18:09:14

[Dewpoint]
Low=-1.8153337452767755
LTime=2026-04-21T18:48:35
High=13.148631825811933
HTime=2026-04-08T19:08:09

[WindChill]
Low=-0.59999999999999998
LTime=2026-04-13T06:45:44

[FeelsLike]
Low=-0.59999999999999998
LTime=2026-04-13T06:45:44
High=22.740460300362578
HTime=2026-04-08T18:09:14

[Humidex]
High=24.337807253722318
HTime=2026-04-08T18:04:13
