#Last updated: 30/06/2025 14:23:10
[General]
Date=2025-06-30T14:23:10

[Wind]
Speed=9.7865962687499959
SpTime=2025-06-26T10:17:29
Gust=22.369362899999999
Time=2025-06-04T15:20:01
Windrun=92.002607231154244
WindrunTime=2025-06-24T23:59:00

[Temp]
Low=7
LTime=2025-06-08T04:37:56
High=30.399999999999999
HTime=2025-06-30T13:48:27
LowMax=13.300000000000001
LMTime=2025-06-07T14:04:00
HighMin=17.800000000000001
HMTime=2025-06-28T23:49:00
LowRange=5.1000000000000014
LowRangeTime=2025-06-07T00:00:00
HighRange=18.600000000000001
HighRangeTime=2025-06-19T00:00:00

[Pressure]
Low=979.70000000000005
LTime=2025-06-05T17:30:05
High=1009
HTime=2025-06-16T10:52:37

[Rain]
High=12.6
HTime=2025-06-03T07:34:33
HourlyHigh=3.7999999999999998
HHourlyTime=2025-06-07T13:33:00
DailyHigh=9.5
HDailyTime=2025-06-07T22:18:39
24Hour=9.5
24HourTime=2025-06-07T15:10:00
LongestDryPeriod=7
LongestDryPeriodTime=2025-06-20T00:00:00
LongestWetPeriod=8
LongestWetPeriodTime=2025-06-10T00:00:00

[Humidity]
Low=36
LTime=2025-06-19T18:30:32
High=98
HTime=2025-06-05T06:32:24

[HeatIndex]
High=31.484656134275586
HTime=2025-06-30T13:48:58

[AppTemp]
Low=5.1133840597663784
LTime=2025-06-08T06:03:21
High=33.266579899794216
HTime=2025-06-30T13:48:58

[Dewpoint]
Low=1.6791422214975855
LTime=2025-06-04T17:29:08
High=19.871911334711836
HTime=2025-06-21T15:49:14

[WindChill]
Low=6.4391463967710081
LTime=2025-06-08T06:04:01

[FeelsLike]
Low=6.4391463967710081
LTime=2025-06-08T06:04:01
High=33.053109809107802
HTime=2025-06-30T13:48:58

[Humidex]
High=36.675202423756907
HTime=2025-06-30T14:23:10
