#Last updated: 30/04/2024 15:00:28
[General]
Date=2024-04-30T15:00:28

[Wind]
Speed=10.457677155750002
SpTime=2024-04-15T13:49:53
Gust=27.290622738
Time=2024-04-15T13:44:09
Windrun=115.64221187581883
WindrunTime=2024-04-15T23:59:00

[Temp]
Low=-0.5
LTime=2024-04-18T06:20:48
High=19.5
HTime=2024-04-30T14:38:25
LowMax=8.5999999999999996
LMTime=2024-04-22T16:38:00
HighMin=11.300000000000001
HMTime=2024-04-11T04:32:00
LowRange=3.5999999999999996
LowRangeTime=2024-04-22T00:00:00
HighRange=13.199999999999999
HighRangeTime=2024-04-20T00:00:00

[Pressure]
Low=972.70000000000005
LTime=2024-04-01T03:15:12
High=1014.3
HTime=2024-04-21T23:35:20

[Rain]
High=17.399999999999999
HTime=2024-04-15T06:42:29
HourlyHigh=6.5999999999999996
HHourlyTime=2024-04-09T11:42:00
DailyHigh=17.200000000000045
HDailyTime=2024-04-09T13:18:00
24Hour=23.800000000000001
24HourTime=2024-04-09T13:19:00
LongestDryPeriod=2
LongestDryPeriodTime=2024-04-21T00:00:00
LongestWetPeriod=11
LongestWetPeriodTime=2024-04-11T00:00:00

[Humidity]
Low=35
LTime=2024-04-30T15:00:28
High=98
HTime=2024-04-02T00:29:11

[HeatIndex]
High=19.5
HTime=2024-04-30T14:38:25

[AppTemp]
Low=-2.6350772898889314
LTime=2024-04-18T06:20:48
High=18.213704967805835
HTime=2024-04-30T14:43:56

[Dewpoint]
Low=-2.3856150614050731
LTime=2024-04-24T12:59:58
High=12.78648217314163
HTime=2024-04-11T19:30:19

[WindChill]
Low=-0.5
LTime=2024-04-18T06:20:48

[FeelsLike]
Low=-0.5
LTime=2024-04-18T06:20:48
High=19.061790485640639
HTime=2024-04-30T14:43:56

[Humidex]
High=20.223375067848991
HTime=2024-04-11T13:31:24
