#Last updated: 01/11/2024 00:00:00
[General]
Date=2024-11-01T00:00:00

[Wind]
Speed=8.4668038576499995
SpTime=2024-10-20T19:29:27
Gust=25.053686448000001
Time=2024-10-20T15:24:29
Windrun=71.31707074099252
WindrunTime=2024-10-20T23:59:00

[Temp]
Low=-0.10000000000000001
LTime=2024-10-11T07:43:20
High=16.800000000000001
HTime=2024-10-07T13:47:23
LowMax=9.5
LMTime=2024-10-13T13:57:00
HighMin=11.9
HMTime=2024-10-16T00:15:00
LowRange=1.3000000000000007
LowRangeTime=2024-10-31T00:00:00
HighRange=11.799999999999999
HighRangeTime=2024-10-03T00:00:00

[Pressure]
Low=968.20000000000005
LTime=2024-10-09T04:48:54
High=1012.5
HTime=2024-10-23T10:00:12

[Rain]
High=31.199999999999999
HTime=2024-10-16T14:37:34
HourlyHigh=12.9
HHourlyTime=2024-10-16T15:08:00
DailyHigh=29.200000000000045
HDailyTime=2024-10-16T23:59:24
24Hour=32.100000000000001
24HourTime=2024-10-01T00:00:00
LongestDryPeriod=3
LongestDryPeriodTime=2024-10-05T00:00:00
LongestWetPeriod=9
LongestWetPeriodTime=2024-10-20T00:00:00

[Humidity]
Low=53
LTime=2024-10-10T14:59:24
High=99
HTime=2024-10-04T07:45:32

[HeatIndex]
High=16.800000000000001
HTime=2024-10-07T13:47:23

[AppTemp]
Low=-2.1599422182520889
LTime=2024-10-11T07:43:20
High=17.870054948541963
HTime=2024-10-16T20:57:01

[Dewpoint]
Low=-0.56145862640044819
LTime=2024-10-11T06:31:55
High=15.843353677241881
HTime=2024-10-16T20:57:01

[WindChill]
Low=-0.10000000000000001
LTime=2024-10-11T07:43:20

[FeelsLike]
Low=-0.10000000000000001
LTime=2024-10-11T07:43:20
High=17.237142323047216
HTime=2024-10-07T14:25:37

[Humidex]
High=20.422688929166789
HTime=2024-10-16T20:57:01
