#Last updated: 28/11/2025 12:54:00
[General]
Date=2025-11-28T12:54:00

[Wind]
Speed=9.6188260470000042
SpTime=2025-11-03T12:54:00
Gust=24.829992819000001
Time=2025-11-03T11:34:34
Windrun=87.744925888189911
WindrunTime=2025-11-14T23:59:00

[Temp]
Low=-4
LTime=2025-11-21T07:23:19
High=15.9
HTime=2025-11-05T11:37:45
LowMax=3.8999999999999999
LMTime=2025-11-20T13:51:00
HighMin=12.300000000000001
HMTime=2025-11-04T19:33:00
LowRange=1.3999999999999986
LowRangeTime=2025-11-04T00:00:00
HighRange=11.800000000000001
HighRangeTime=2025-11-26T00:00:00

[Pressure]
Low=986.89999999999998
LTime=2025-11-24T04:27:11
High=1027.2
HTime=2025-11-21T11:10:07

[Rain]
High=37.799999999999997
HTime=2025-11-28T12:37:54
HourlyHigh=8
HHourlyTime=2025-11-28T12:54:00
DailyHigh=28.099999999999909
HDailyTime=2025-11-14T21:28:55
24Hour=29.199999999999999
24HourTime=2025-11-14T21:29:00
LongestDryPeriod=2
LongestDryPeriodTime=2025-11-17T00:00:00
LongestWetPeriod=14
LongestWetPeriodTime=2025-11-01T00:00:00

[Humidity]
Low=65
LTime=2025-11-02T13:47:15
High=99
HTime=2025-11-04T18:03:30

[HeatIndex]
High=15.9
HTime=2025-11-05T11:37:45

[AppTemp]
Low=-6.5458905732105563
LTime=2025-11-21T07:23:19
High=17.36842599417102
HTime=2025-11-05T11:39:25

[Dewpoint]
Low=-4.7609962175105274
LTime=2025-11-20T05:56:40
High=14.601412392699496
HTime=2025-11-05T11:37:45

[WindChill]
Low=-4
LTime=2025-11-21T07:23:19

[FeelsLike]
Low=-4
LTime=2025-11-21T07:23:19
High=16.639575952101627
HTime=2025-11-05T11:39:25

[Humidex]
High=19.558161665394671
HTime=2025-11-05T11:37:45
