#Last updated: 27/09/2025 00:00:00
[General]
Date=2025-09-27T00:00:00

[Wind]
Speed=11.423287987599993
SpTime=2025-09-15T13:24:06
Gust=31.317108060000002
Time=2025-09-15T14:16:19
Windrun=155.65364570091225
WindrunTime=2025-09-15T23:59:00

[Temp]
Low=1.6000000000000001
LTime=2025-09-22T07:02:42
High=22
HTime=2025-09-06T15:54:48
LowMax=13.300000000000001
LMTime=2025-09-21T17:36:00
HighMin=13.5
HMTime=2025-09-19T23:50:00
LowRange=4.6000000000000014
LowRangeTime=2025-09-15T00:00:00
HighRange=13.799999999999999
HighRangeTime=2025-09-09T00:00:00

[Pressure]
Low=988.89999999999998
LTime=2025-09-03T08:56:49
High=1029.9000000000001
HTime=2025-09-24T00:28:52

[Rain]
High=57
HTime=2025-09-04T11:19:47
HourlyHigh=31.300000000000001
HHourlyTime=2025-09-04T12:01:00
DailyHigh=44.200000000000045
HDailyTime=2025-09-20T23:56:45
24Hour=47.600000000000001
24HourTime=2025-09-04T12:12:00
LongestDryPeriod=5
LongestDryPeriodTime=2025-09-26T00:00:00
LongestWetPeriod=4
LongestWetPeriodTime=2025-09-04T00:00:00

[Humidity]
Low=48
LTime=2025-09-08T14:05:33
High=99
HTime=2025-09-03T05:49:08

[HeatIndex]
High=22
HTime=2025-09-06T15:54:48

[AppTemp]
Low=-0.20659222350767115
LTime=2025-09-22T07:02:42
High=23.490833595845253
HTime=2025-09-07T17:49:10

[Dewpoint]
Low=1.1754431742960718
LTime=2025-09-22T07:02:42
High=18.363175938762993
HTime=2025-09-07T16:22:44

[WindChill]
Low=1.6000000000000001
LTime=2025-09-22T07:02:42

[FeelsLike]
Low=1.6000000000000001
LTime=2025-09-22T07:02:42
High=22.971824817157906
HTime=2025-09-06T15:56:39

[Humidex]
High=26.64573510339023
HTime=2025-09-07T17:49:10
