#Last updated: 30/11/2024 13:11:04
[General]
Date=2024-11-30T13:11:04

[Wind]
Speed=6.8114710030500003
SpTime=2024-11-24T14:20:55
Gust=19.237652094000001
Time=2024-11-24T13:45:42
Windrun=67.201174514431131
WindrunTime=2024-11-24T23:59:00

[Temp]
Low=-5.5
LTime=2024-11-21T08:11:13
High=14.1
HTime=2024-11-24T01:32:02
LowMax=1.3
LMTime=2024-11-19T14:30:00
HighMin=9.6999999999999993
HMTime=2024-11-02T00:00:00
LowRange=0.90000000000000036
LowRangeTime=2024-11-09T00:00:00
HighRange=14
HighRangeTime=2024-11-23T00:00:00

[Pressure]
Low=966.79999999999995
LTime=2024-11-24T07:22:09
High=1021.5
HTime=2024-11-12T09:15:14

[Rain]
High=19.199999999999999
HTime=2024-11-17T16:22:50
HourlyHigh=6.9000000000000004
HHourlyTime=2024-11-24T03:29:00
DailyHigh=23.900000000000091
HDailyTime=2024-11-23T23:36:02
24Hour=33.600000000000001
24HourTime=2024-11-24T06:56:00
LongestDryPeriod=2
LongestDryPeriodTime=2024-11-02T00:00:00
LongestWetPeriod=13
LongestWetPeriodTime=2024-11-25T00:00:00

[Humidity]
Low=74
LTime=2024-11-26T14:12:36
High=99
HTime=2024-11-05T19:28:00

[HeatIndex]
High=14.1
HTime=2024-11-24T01:32:02

[AppTemp]
Low=-8.2018751309828026
LTime=2024-11-21T08:11:13
High=14.227550252698446
HTime=2024-11-30T13:11:04

[Dewpoint]
Low=-5.9003839065335022
LTime=2024-11-21T08:11:13
High=13.789098607897435
HTime=2024-11-24T01:32:02

[WindChill]
Low=-5.5
LTime=2024-11-21T08:11:13

[FeelsLike]
Low=-5.5
LTime=2024-11-21T08:11:13
High=14.047737990068178
HTime=2024-11-24T00:28:36

[Humidex]
High=17.286437926983513
HTime=2024-11-24T01:32:02
