#Last updated: 30/09/2024 18:41:08
[General]
Date=2024-09-30T18:41:08

[Wind]
Speed=5.3686470960000019
SpTime=2024-09-30T18:41:08
Gust=17.89549032
Time=2024-09-05T12:55:46
Windrun=64.791679034585826
WindrunTime=2024-09-27T23:59:00

[Temp]
Low=3
LTime=2024-09-13T05:38:05
High=27
HTime=2024-09-06T13:22:48
LowMax=12.199999999999999
LMTime=2024-09-11T15:59:00
HighMin=16.800000000000001
HMTime=2024-09-06T23:48:00
LowRange=1.9000000000000004
LowRangeTime=2024-09-22T00:00:00
HighRange=14.799999999999999
HighRangeTime=2024-09-17T00:00:00

[Pressure]
Low=966.20000000000005
LTime=2024-09-26T06:05:17
High=1015.7
HTime=2024-09-17T10:24:05

[Rain]
High=49.799999999999997
HTime=2024-09-21T16:48:13
HourlyHigh=17.800000000000001
HHourlyTime=2024-09-21T17:34:00
DailyHigh=49.899999999999977
HDailyTime=2024-09-21T23:11:36
24Hour=62.5
24HourTime=2024-09-22T14:52:00
LongestDryPeriod=4
LongestDryPeriodTime=2024-09-20T00:00:00
LongestWetPeriod=7
LongestWetPeriodTime=2024-09-27T00:00:00

[Humidity]
Low=51
LTime=2024-09-17T15:21:23
High=99
HTime=2024-09-08T07:54:40

[HeatIndex]
High=27.802281635111083
HTime=2024-09-06T13:22:48

[AppTemp]
Low=1.4485352078285665
LTime=2024-09-13T05:38:05
High=29.377812065315659
HTime=2024-09-06T13:22:48

[Dewpoint]
Low=2.3184409615073491
LTime=2024-09-27T16:03:30
High=18.229438843080118
HTime=2024-09-02T14:27:56

[WindChill]
Low=3
LTime=2024-09-13T05:38:05

[FeelsLike]
Low=3
LTime=2024-09-13T05:38:05
High=29.197170236692685
HTime=2024-09-06T13:22:48

[Humidex]
High=32.541966596460838
HTime=2024-09-06T13:25:08
