#Last updated: 28/02/2026 18:39:35
[General]
Date=2026-02-28T18:39:35

[Wind]
Speed=9.354121919349998
SpTime=2026-02-26T07:09:56
Gust=23.487831045
Time=2026-02-03T08:18:11
Windrun=96.435437701424888
WindrunTime=2026-02-22T23:59:00

[Temp]
Low=-3.3999999999999999
LTime=2026-02-14T07:35:04
High=14.5
HTime=2026-02-25T14:04:17
LowMax=4
LMTime=2026-02-13T12:07:00
HighMin=8.3000000000000007
HMTime=2026-02-26T23:57:00
LowRange=1.5999999999999996
LowRangeTime=2026-02-10T00:00:00
HighRange=8.8000000000000007
HighRangeTime=2026-02-14T00:00:00

[Pressure]
Low=973.79999999999995
LTime=2026-02-11T21:33:07
High=1016.4
HTime=2026-02-28T18:39:35

[Rain]
High=17.399999999999999
HTime=2026-02-10T19:41:44
HourlyHigh=5.4000000000000004
HHourlyTime=2026-02-20T15:17:00
DailyHigh=15.800000000000011
HDailyTime=2026-02-27T23:59:44
24Hour=20.100000000000001
24HourTime=2026-02-11T13:12:00
LongestDryPeriod=2
LongestDryPeriodTime=2026-02-25T00:00:00
LongestWetPeriod=15
LongestWetPeriodTime=2026-02-13T00:00:00

[Humidity]
Low=56
LTime=2026-02-17T15:08:45
High=99
HTime=2026-02-01T00:00:00

[HeatIndex]
High=14.5
HTime=2026-02-25T14:04:17

[AppTemp]
Low=-5.910349006433405
LTime=2026-02-14T07:35:04
High=14.059666120683762
HTime=2026-02-25T14:04:27

[Dewpoint]
Low=-4.2786716460530565
LTime=2026-02-17T15:22:06
High=10.995792420969199
HTime=2026-02-21T19:27:22

[WindChill]
Low=-3.3999999999999999
LTime=2026-02-14T07:35:04

[FeelsLike]
Low=-3.3999999999999999
LTime=2026-02-14T07:35:04
High=14.411508685074672
HTime=2026-02-25T14:04:27

[Humidex]
High=16.176165574757103
HTime=2026-02-25T14:04:17
