#Last updated: 31/05/2025 00:00:01
[General]
Date=2025-05-31T00:00:01

[Wind]
Speed=9.0633202016500025
SpTime=2025-05-29T16:56:02
Gust=27.514316367000003
Time=2025-05-29T12:19:04
Windrun=85.550696354262499
WindrunTime=2025-05-29T23:59:00

[Temp]
Low=0.5
LTime=2025-05-06T05:48:16
High=26.300000000000001
HTime=2025-05-12T13:47:42
LowMax=13.4
LMTime=2025-05-05T12:40:00
HighMin=13.1
HMTime=2025-05-30T05:02:00
LowRange=4.6999999999999993
LowRangeTime=2025-05-27T00:00:00
HighRange=18.800000000000001
HighRangeTime=2025-05-10T00:00:00

[Pressure]
Low=983.70000000000005
LTime=2025-05-25T05:00:27
High=1010
HTime=2025-05-16T07:05:32

[Rain]
High=18.600000000000001
HTime=2025-05-25T20:03:33
HourlyHigh=4.5999999999999996
HHourlyTime=2025-05-24T02:08:00
DailyHigh=16.299999999999983
HDailyTime=2025-05-27T23:48:45
24Hour=21.800000000000001
24HourTime=2025-05-28T07:34:00
LongestDryPeriod=27
LongestDryPeriodTime=2025-05-20T00:00:00
LongestWetPeriod=6
LongestWetPeriodTime=2025-05-29T00:00:00

[Humidity]
Low=28
LTime=2025-05-16T14:54:22
High=99
HTime=2025-05-28T00:55:09

[HeatIndex]
High=26.300000000000001
HTime=2025-05-12T13:47:42

[AppTemp]
Low=-1.5780987630993808
LTime=2025-05-06T05:48:16
High=26.990758750380166
HTime=2025-05-12T13:49:52

[Dewpoint]
Low=-0.64928261995243641
LTime=2025-05-06T05:48:16
High=16.424663336511816
HTime=2025-05-30T15:40:53

[WindChill]
Low=0.5
LTime=2025-05-06T05:48:16

[FeelsLike]
Low=0.5
LTime=2025-05-06T05:48:16
High=27.455984477127362
HTime=2025-05-12T13:49:52

[Humidex]
High=28.977516808899718
HTime=2025-05-12T13:46:22
