#Last updated: 01/04/2025 00:00:00
[General]
Date=2025-04-01T00:00:00

[Wind]
Speed=8.7501491210499989
SpTime=2025-03-30T09:54:03
Gust=24.829992819000001
Time=2025-03-30T00:47:24
Windrun=91.850673724948379
WindrunTime=2025-03-30T22:21:00

[Temp]
Low=-2.8999999999999999
LTime=2025-03-01T06:02:46
High=18.699999999999999
HTime=2025-03-31T14:32:04
LowMax=6.9000000000000004
LMTime=2025-03-17T13:32:00
HighMin=9.5
HMTime=2025-03-22T06:09:00
LowRange=4.6000000000000005
LowRangeTime=2025-03-17T00:00:00
HighRange=17.5
HighRangeTime=2025-03-31T00:00:00

[Pressure]
Low=980.29999999999995
LTime=2025-03-22T03:46:51
High=1017.9
HTime=2025-03-02T00:15:01

[Rain]
High=5.4000000000000004
HTime=2025-03-23T01:53:17
HourlyHigh=2.2999999999999998
HHourlyTime=2025-03-23T02:08:00
DailyHigh=5.0999999999999943
HDailyTime=2025-03-07T09:40:00
24Hour=7.7000000000000002
24HourTime=2025-03-07T09:41:00
LongestDryPeriod=8
LongestDryPeriodTime=2025-03-20T00:00:00
LongestWetPeriod=3
LongestWetPeriodTime=2025-03-23T00:00:00

[Humidity]
Low=38
LTime=2025-03-05T17:00:47
High=99
HTime=2025-03-26T07:50:48

[HeatIndex]
High=18.699999999999999
HTime=2025-03-31T14:32:04

[AppTemp]
Low=-5.304890965174458
LTime=2025-03-01T06:02:46
High=18.248816628831225
HTime=2025-03-31T14:31:24

[Dewpoint]
Low=-3.1713805936935557
LTime=2025-03-01T06:02:46
High=12.066354508640677
HTime=2025-03-22T11:13:26

[WindChill]
Low=-2.8999999999999999
LTime=2025-03-01T06:02:46

[FeelsLike]
Low=-2.8999999999999999
LTime=2025-03-01T06:02:46
High=18.823266230948725
HTime=2025-03-31T14:32:04

[Humidex]
High=19.221024134988177
HTime=2025-03-31T14:31:24
