#Last updated: 28/02/2025 16:47:34
[General]
Date=2025-02-28T16:47:34

[Wind]
Speed=8.1722739127999979
SpTime=2025-02-21T12:52:44
Gust=26.172154592999998
Time=2025-02-23T15:42:22
Windrun=78.726922201617413
WindrunTime=2025-02-23T23:59:00

[Temp]
Low=-3.5
LTime=2025-02-06T06:47:11
High=13.6
HTime=2025-02-20T15:43:11
LowMax=3
LMTime=2025-02-13T13:43:00
HighMin=7.9000000000000004
HMTime=2025-02-21T23:33:00
LowRange=1.3999999999999995
LowRangeTime=2025-02-10T00:00:00
HighRange=10.9
HighRangeTime=2025-02-06T00:00:00

[Pressure]
Low=980.79999999999995
LTime=2025-02-21T13:59:37
High=1026.5999999999999
HTime=2025-02-06T08:26:36

[Rain]
High=7.2000000000000002
HTime=2025-02-20T14:10:46
HourlyHigh=2.6000000000000001
HHourlyTime=2025-02-23T20:42:00
DailyHigh=7.8000000000000114
HDailyTime=2025-02-23T23:25:19
24Hour=8.4000000000000004
24HourTime=2025-02-24T09:35:00
LongestDryPeriod=3
LongestDryPeriodTime=2025-02-03T00:00:00
LongestWetPeriod=4
LongestWetPeriodTime=2025-02-10T00:00:00

[Humidity]
Low=54
LTime=2025-02-28T16:47:34
High=99
HTime=2025-02-06T09:06:39

[HeatIndex]
High=13.6
HTime=2025-02-20T15:43:11

[AppTemp]
Low=-5.9747605702807274
LTime=2025-02-06T06:47:11
High=12.755557564713513
HTime=2025-02-20T13:30:44

[Dewpoint]
Low=-3.7700347487247821
LTime=2025-02-06T06:47:11
High=12.435512349331969
HTime=2025-02-20T14:59:58

[WindChill]
Low=-3.5
LTime=2025-02-06T06:47:11

[FeelsLike]
Low=-3.5
LTime=2025-02-06T06:47:11
High=13.15731772855843
HTime=2025-02-20T13:30:44

[Humidex]
High=15.620375172122596
HTime=2025-02-20T13:42:25
