#Last updated: 26/06/2026 16:53:10
[General]
Date=2026-06-26T16:53:10

[Wind]
Speed=9.0133105340172435
SpTime=2026-06-07T13:10:46
Gust=24.829992819000001
Time=2026-06-03T16:15:22
Windrun=87.087172207632918
WindrunTime=2026-06-04T23:59:00

[Temp]
Low=7
LTime=2026-06-11T03:32:51
High=33.299999999999997
HTime=2026-06-26T14:19:00
LowMax=14.199999999999999
LMTime=2026-06-10T10:34:00
HighMin=19.199999999999999
HMTime=2026-06-25T05:21:00
LowRange=6.1000000000000014
LowRangeTime=2026-06-04T00:00:00
HighRange=15.799999999999997
HighRangeTime=2026-06-23T00:00:00

[Pressure]
Low=988.39999999999998
LTime=2026-06-04T04:30:18
High=1026.0999999999999
HTime=2026-06-22T00:47:45

[Rain]
High=36
HTime=2026-06-02T18:04:44
HourlyHigh=8
HHourlyTime=2026-06-02T18:05:00
DailyHigh=15.5
HDailyTime=2026-06-11T14:21:06
24Hour=24.100000000000001
24HourTime=2026-06-11T10:44:00
LongestDryPeriod=5
LongestDryPeriodTime=2026-06-25T00:00:00
LongestWetPeriod=6
LongestWetPeriodTime=2026-06-11T00:00:00

[Humidity]
Low=35
LTime=2026-06-26T16:53:10
High=99
HTime=2026-06-01T22:54:02

[HeatIndex]
High=39.011986261617793
HTime=2026-06-26T13:01:44

[AppTemp]
Low=6.0634002242616969
LTime=2026-06-10T02:00:20
High=38.087020086042635
HTime=2026-06-26T13:01:44

[Dewpoint]
Low=5.3973337261341809
LTime=2026-06-08T19:32:35
High=25.120144717703507
HTime=2026-06-26T11:50:10

[WindChill]
Low=7
LTime=2026-06-11T03:32:51

[FeelsLike]
Low=7
LTime=2026-06-11T03:32:51
High=36.898652930338187
HTime=2026-06-26T13:01:44

[Humidex]
High=43.79169406241067
HTime=2026-06-26T13:01:44
