#Last updated: 01/01/2026 00:00:00
[General]
Date=2026-01-01T00:00:00

[Wind]
Speed=13.719875911999999
SpTime=2025-12-09T17:29:55
Gust=29.974946286000002
Time=2025-12-09T17:50:56
Windrun=104.10738347399646
WindrunTime=2025-12-09T23:59:00

[Temp]
Low=-3
LTime=2025-12-31T05:07:14
High=13.199999999999999
HTime=2025-12-09T16:02:23
LowMax=4.0999999999999996
LMTime=2025-12-31T14:49:00
HighMin=8.6999999999999993
HMTime=2025-12-09T23:49:00
LowRange=1.5999999999999996
LowRangeTime=2025-12-28T00:00:00
HighRange=10.800000000000001
HighRangeTime=2025-12-17T00:00:00

[Pressure]
Low=984.70000000000005
LTime=2025-12-06T04:24:17
High=1038
HTime=2025-12-27T10:10:20

[Rain]
High=13.800000000000001
HTime=2025-12-09T08:34:56
HourlyHigh=8.0999999999999996
HHourlyTime=2025-12-17T21:01:00
DailyHigh=29.799999999999955
HDailyTime=2025-12-09T15:06:06
24Hour=30.699999999999999
24HourTime=2025-12-09T12:46:00
LongestDryPeriod=9
LongestDryPeriodTime=2025-12-31T00:00:00
LongestWetPeriod=6
LongestWetPeriodTime=2025-12-09T00:00:00

[Humidity]
Low=69
LTime=2025-12-26T13:26:58
High=99
HTime=2025-12-03T03:06:41

[HeatIndex]
High=13.199999999999999
HTime=2025-12-09T16:02:23

[AppTemp]
Low=-5.4167291234000308
LTime=2025-12-31T05:07:14
High=12.7766788349164
HTime=2025-12-09T14:27:44

[Dewpoint]
Low=-3.271156054140818
LTime=2025-12-31T05:07:14
High=12.54727689715522
HTime=2025-12-09T14:49:15

[WindChill]
Low=-3
LTime=2025-12-31T05:07:14

[FeelsLike]
Low=-3
LTime=2025-12-31T05:07:14
High=12.912316713063476
HTime=2025-12-09T15:33:50

[Humidex]
High=15.553346653839284
HTime=2025-12-09T16:02:23
