#Last updated: 31/08/2024 02:07:35
[General]
Date=2024-08-31T02:07:35

[Wind]
Speed=8.8470830269499974
SpTime=2024-08-23T06:07:13
Gust=27.290622738
Time=2024-08-23T06:35:27
Windrun=71.114752280985769
WindrunTime=2024-08-09T23:59:00

[Temp]
Low=7.0999999999999996
LTime=2024-08-30T06:18:16
High=26.800000000000001
HTime=2024-08-11T18:23:51
LowMax=16.199999999999999
LMTime=2024-08-25T18:09:00
HighMin=16.199999999999999
HMTime=2024-08-01T07:34:00
LowRange=5.5000000000000018
LowRangeTime=2024-08-27T00:00:00
HighRange=16.5
HighRangeTime=2024-08-11T00:00:00

[Pressure]
Low=971.60000000000002
LTime=2024-08-23T05:32:50
High=1008.7
HTime=2024-08-31T02:07:35

[Rain]
High=10.199999999999999
HTime=2024-08-06T03:07:31
HourlyHigh=4.0999999999999996
HHourlyTime=2024-08-06T03:12:00
DailyHigh=7.5
HDailyTime=2024-08-13T22:36:04
24Hour=7.7999999999999998
24HourTime=2024-08-14T00:17:00
LongestDryPeriod=6
LongestDryPeriodTime=2024-08-21T00:00:00
LongestWetPeriod=5
LongestWetPeriodTime=2024-08-15T00:00:00

[Humidity]
Low=48
LTime=2024-08-20T16:09:20
High=99
HTime=2024-08-16T05:11:14

[HeatIndex]
High=27.521534679395565
HTime=2024-08-11T18:23:51

[AppTemp]
Low=6.3248057422259674
LTime=2024-08-30T06:18:16
High=29.057657198710828
HTime=2024-08-11T18:23:51

[Dewpoint]
Low=6.2687458091451864
LTime=2024-08-20T16:09:20
High=20.547990900049097
HTime=2024-08-12T11:56:37

[WindChill]
Low=7.0999999999999996
LTime=2024-08-30T06:18:16

[FeelsLike]
Low=7.0999999999999996
LTime=2024-08-30T06:18:16
High=28.93912588931876
HTime=2024-08-11T18:23:51

[Humidex]
High=33.148578887757786
HTime=2024-08-12T11:56:37
