#Last updated: 01/11/2025 00:00:00
[General]
Date=2025-11-01T00:00:00

[Wind]
Speed=10.312276296899997
SpTime=2025-10-03T20:34:23
Gust=29.974946286000002
Time=2025-10-03T20:28:52
Windrun=111.80162905544601
WindrunTime=2025-10-04T23:59:00

[Temp]
Low=2.2999999999999998
LTime=2025-10-26T04:07:01
High=19.399999999999999
HTime=2025-10-06T14:26:12
LowMax=10
LMTime=2025-10-25T13:48:00
HighMin=12.5
HMTime=2025-10-03T23:38:00
LowRange=3.4000000000000004
LowRangeTime=2025-10-18T00:00:00
HighRange=8.6999999999999993
HighRangeTime=2025-10-30T00:00:00

[Pressure]
Low=982.70000000000005
LTime=2025-10-23T04:12:58
High=1034.4000000000001
HTime=2025-10-11T10:20:05

[Rain]
High=65.400000000000006
HTime=2025-10-31T14:54:29
HourlyHigh=15.199999999999999
HHourlyTime=2025-10-31T14:57:00
DailyHigh=19.200000000000045
HDailyTime=2025-10-03T22:19:01
24Hour=21
24HourTime=2025-10-03T20:12:00
LongestDryPeriod=5
LongestDryPeriodTime=2025-10-18T00:00:00
LongestWetPeriod=13
LongestWetPeriodTime=2025-10-31T00:00:00

[Humidity]
Low=60
LTime=2025-10-25T16:24:27
High=99
HTime=2025-10-03T13:30:40

[HeatIndex]
High=19.399999999999999
HTime=2025-10-06T14:26:12

[AppTemp]
Low=0.48708157459624868
LTime=2025-10-26T04:07:01
High=20.015254985860267
HTime=2025-10-06T14:26:12

[Dewpoint]
Low=1.1337343520286915
LTime=2025-10-26T04:07:01
High=16.34275491273694
HTime=2025-10-03T19:41:19

[WindChill]
Low=2.2999999999999998
LTime=2025-10-26T04:07:01

[FeelsLike]
Low=2.2999999999999998
LTime=2025-10-26T04:07:01
High=20.029478834921033
HTime=2025-10-06T14:26:12

[Humidex]
High=22.709168174805562
HTime=2025-10-06T14:26:12
