#Last updated: 31/12/2024 00:00:01
[General]
Date=2024-12-31T00:00:01

[Wind]
Speed=14.666845608100001
SpTime=2024-12-07T15:28:30
Gust=36.685755155999999
Time=2024-12-07T14:19:35
Windrun=218.63662693907992
WindrunTime=2024-12-07T23:59:00

[Temp]
Low=1
LTime=2024-12-03T08:54:47
High=13.300000000000001
HTime=2024-12-01T13:26:21
LowMax=3.7999999999999998
LMTime=2024-12-27T14:40:00
HighMin=9.5
HMTime=2024-12-01T23:36:00
LowRange=1
LowRangeTime=2024-12-11T00:00:00
HighRange=7.9999999999999991
HighRangeTime=2024-12-18T00:00:00

[Pressure]
Low=962
LTime=2024-12-07T05:54:57
High=1019.5
HTime=2024-12-09T23:53:03

[Rain]
High=15.6
HTime=2024-12-07T06:28:30
HourlyHigh=9.1999999999999993
HHourlyTime=2024-12-07T09:27:00
DailyHigh=33.899999999999864
HDailyTime=2024-12-07T22:02:38
24Hour=34.700000000000003
24HourTime=2024-12-07T14:35:00
LongestDryPeriod=7
LongestDryPeriodTime=2024-12-30T00:00:00
LongestWetPeriod=12
LongestWetPeriodTime=2024-12-08T00:00:00

[Humidity]
Low=62
LTime=2024-12-22T18:59:37
High=99
HTime=2024-12-01T04:47:43

[HeatIndex]
High=13.300000000000001
HTime=2024-12-01T13:26:21

[AppTemp]
Low=-2.2323539014179712
LTime=2024-12-22T08:37:39
High=13.621211853667337
HTime=2024-12-01T13:00:19

[Dewpoint]
Low=-1.400387495169447
LTime=2024-12-23T00:26:52
High=12.57616734767976
HTime=2024-12-01T12:59:19

[WindChill]
Low=-1.3285872706614095
LTime=2024-12-22T08:37:39

[FeelsLike]
Low=-1.3285872706614095
LTime=2024-12-22T08:37:39
High=13.324620788850435
HTime=2024-12-01T13:00:19

[Humidex]
High=15.721621168932792
HTime=2024-12-01T12:59:19
