#Last updated: 27/05/2026 00:00:00
[General]
Date=2026-05-27T00:00:00

[Wind]
Speed=9.2944702849500018
SpTime=2026-05-19T16:05:29
Gust=26.172154592999998
Time=2026-05-19T16:07:30
Windrun=94.90441917847825
WindrunTime=2026-05-20T23:59:00

[Temp]
Low=2.5
LTime=2026-05-12T01:26:09
High=33.799999999999997
HTime=2026-05-26T13:58:50
LowMax=11.5
LMTime=2026-05-13T14:07:00
HighMin=15.5
HMTime=2026-05-26T05:29:00
LowRange=3.5
LowRangeTime=2026-05-03T00:00:00
HighRange=20
HighRangeTime=2026-05-25T00:00:00

[Pressure]
Low=998.79999999999995
LTime=2026-05-13T13:37:32
High=1029.9000000000001
HTime=2026-05-24T09:44:06

[Rain]
High=20.399999999999999
HTime=2026-05-14T16:22:48
HourlyHigh=4.7999999999999998
HHourlyTime=2026-05-13T12:41:00
DailyHigh=14.100000000000023
HDailyTime=2026-05-13T23:49:46
24Hour=14.9
24HourTime=2026-05-03T07:36:00
LongestDryPeriod=6
LongestDryPeriodTime=2026-05-26T00:00:00
LongestWetPeriod=10
LongestWetPeriodTime=2026-05-20T00:00:00

[Humidity]
Low=30
LTime=2026-05-25T14:29:28
High=99
HTime=2026-05-03T04:09:42

[HeatIndex]
High=37.425094530035622
HTime=2026-05-26T14:00:30

[AppTemp]
Low=0.67022535490242863
LTime=2026-05-12T01:26:09
High=38.036530029975694
HTime=2026-05-26T13:59:40

[Dewpoint]
Low=0.21406746142747576
LTime=2026-05-11T15:32:24
High=21.50260157401555
HTime=2026-05-26T14:00:30

[WindChill]
Low=2.5
LTime=2026-05-12T01:26:09

[FeelsLike]
Low=2.5
LTime=2026-05-12T01:26:09
High=37.447644001229413
HTime=2026-05-26T13:59:40

[Humidex]
High=42.357657760570106
HTime=2026-05-26T14:00:30
