#Last updated: 31/01/2026 18:53:00
[General]
Date=2026-01-31T18:53:00

[Wind]
Speed=7.4287093537674362
SpTime=2026-01-27T05:13:00
Gust=23.487831045
Time=2026-01-24T10:42:13
Windrun=78.39034081928753
WindrunTime=2026-01-09T21:49:00

[Temp]
Low=-8.8000000000000007
LTime=2026-01-06T01:17:29
High=9.5999999999999996
HTime=2026-01-11T21:39:31
LowMax=-0.59999999999999998
LMTime=2026-01-05T00:00:00
HighMin=6.7999999999999998
HMTime=2026-01-12T23:27:00
LowRange=1.7000000000000002
LowRangeTime=2026-01-18T00:00:00
HighRange=12
HighRangeTime=2026-01-06T00:00:00

[Pressure]
Low=977.10000000000002
LTime=2026-01-27T13:18:24
High=1019.3
HTime=2026-01-10T18:47:00

[Rain]
High=22.199999999999999
HTime=2026-01-31T18:26:40
HourlyHigh=6.5999999999999996
HHourlyTime=2026-01-31T18:53:00
DailyHigh=18.899999999999991
HDailyTime=2026-01-27T11:19:45
24Hour=24.899999999999999
24HourTime=2026-01-07T08:28:00
LongestDryPeriod=3
LongestDryPeriodTime=2026-01-05T00:00:00
LongestWetPeriod=8
LongestWetPeriodTime=2026-01-23T00:00:00

[Humidity]
Low=68
LTime=2026-01-03T13:39:04
High=99
HTime=2026-01-06T08:06:02

[HeatIndex]
High=9.5999999999999996
HTime=2026-01-11T21:39:31

[AppTemp]
Low=-11.82505137929488
LTime=2026-01-06T01:17:29
High=8.7164920448075875
HTime=2026-01-11T21:49:32

[Dewpoint]
Low=-9.5900365000036576
LTime=2026-01-06T01:17:29
High=9.4509170554781612
HTime=2026-01-11T21:39:31

[WindChill]
Low=-8.8000000000000007
LTime=2026-01-06T01:17:29

[FeelsLike]
Low=-8.8000000000000007
LTime=2026-01-06T01:17:29
High=9.5999999999999996
HTime=2026-01-11T21:44:31

[Humidex]
High=9.5999999999999996
HTime=2026-01-11T21:39:31
