#Last updated: 01/04/2026 00:00:00
[General]
Date=2026-04-01T00:00:00

[Wind]
Speed=13.197924111000013
SpTime=2026-03-30T14:32:56
Gust=34.001431607999997
Time=2026-03-24T14:19:56
Windrun=137.744509437641
WindrunTime=2026-03-12T23:59:00

[Temp]
Low=1.3
LTime=2026-03-22T06:21:36
High=18.5
HTime=2026-03-18T13:37:30
LowMax=6.7000000000000002
LMTime=2026-03-06T14:24:00
HighMin=7.2000000000000002
HMTime=2026-03-02T22:54:00
LowRange=2.7000000000000002
LowRangeTime=2026-03-06T00:00:00
HighRange=16.100000000000001
HighRangeTime=2026-03-18T00:00:00

[Pressure]
Low=991.39999999999998
LTime=2026-03-12T23:39:39
High=1029.7
HTime=2026-03-28T23:50:41

[Rain]
High=17.399999999999999
HTime=2026-03-12T18:12:44
HourlyHigh=7.7000000000000002
HHourlyTime=2026-03-25T01:44:00
DailyHigh=14.699999999999989
HDailyTime=2026-03-12T23:02:16
24Hour=16.100000000000001
24HourTime=2026-03-13T02:42:00
LongestDryPeriod=7
LongestDryPeriodTime=2026-03-23T00:00:00
LongestWetPeriod=8
LongestWetPeriodTime=2026-03-31T00:00:00

[Humidity]
Low=42
LTime=2026-03-14T13:47:02
High=99
HTime=2026-03-01T05:06:06

[HeatIndex]
High=18.5
HTime=2026-03-18T13:37:30

[AppTemp]
Low=-2.1441910488198541
LTime=2026-03-25T13:52:39
High=18.703510487750474
HTime=2026-03-18T13:37:50

[Dewpoint]
Low=-2.4763575171683612
LTime=2026-03-14T14:02:33
High=11.645556604911683
HTime=2026-03-18T13:31:59

[WindChill]
Low=-1.3105841006360264
LTime=2026-03-25T13:53:09

[FeelsLike]
Low=-1.3105841006360264
LTime=2026-03-25T13:53:09
High=18.944979690583004
HTime=2026-03-18T13:37:50

[Humidex]
High=20.380937402063438
HTime=2026-03-18T13:37:30
