#Last updated: 23/07/2025 00:00:00
[General]
Date=2025-07-23T00:00:00

[Wind]
Speed=9.2981985121000026
SpTime=2025-07-15T16:59:22
Gust=23.487831045
Time=2025-07-14T14:13:59
Windrun=88.166159118270286
WindrunTime=2025-07-05T23:59:00

[Temp]
Low=9.6999999999999993
LTime=2025-07-03T05:44:11
High=32.100000000000001
HTime=2025-07-12T14:38:10
LowMax=17
LMTime=2025-07-15T17:24:00
HighMin=17
HMTime=2025-07-18T05:28:00
LowRange=4.5
LowRangeTime=2025-07-06T00:00:00
HighRange=16.599999999999998
HighRangeTime=2025-07-11T00:00:00

[Pressure]
Low=978.5
LTime=2025-07-20T17:43:10
High=1009.7
HTime=2025-07-03T10:53:51

[Rain]
High=26.399999999999999
HTime=2025-07-06T06:11:22
HourlyHigh=9.5
HHourlyTime=2025-07-06T06:56:00
DailyHigh=13.199999999999989
HDailyTime=2025-07-06T10:01:16
24Hour=19
24HourTime=2025-07-07T03:38:00
LongestDryPeriod=6
LongestDryPeriodTime=2025-07-14T00:00:00
LongestWetPeriod=4
LongestWetPeriodTime=2025-07-22T00:00:00

[Humidity]
Low=32
LTime=2025-07-11T18:10:48
High=99
HTime=2025-07-21T04:17:40

[HeatIndex]
High=32.311644205804463
HTime=2025-07-12T13:51:17

[AppTemp]
Low=9.1600035870225263
LTime=2025-07-07T05:49:47
High=34.224253989570123
HTime=2025-07-12T13:51:27

[Dewpoint]
Low=3.8288867856160462
LTime=2025-07-02T17:22:28
High=19.018101632324015
HTime=2025-07-17T12:48:19

[WindChill]
Low=9.6999999999999993
LTime=2025-07-03T05:44:11

[FeelsLike]
Low=9.6999999999999993
LTime=2025-07-03T05:44:11
High=34.315058326781845
HTime=2025-07-12T14:38:30

[Humidex]
High=37.091594730490655
HTime=2025-07-12T13:51:17
