#Last updated: 22/07/2026 00:00:00
[General]
Date=2026-07-22T00:00:00

[Wind]
Speed=6.9158613632500012
SpTime=2026-07-01T22:15:30
Gust=22.369362899999999
Time=2026-07-02T02:41:50
Windrun=80.651321420267109
WindrunTime=2026-07-02T23:59:00

[Temp]
Low=10.300000000000001
LTime=2026-07-20T04:03:58
High=34.299999999999997
HTime=2026-07-10T14:30:20
LowMax=18.300000000000001
LMTime=2026-07-02T17:32:00
HighMin=18
HMTime=2026-07-11T23:59:00
LowRange=5.7000000000000011
LowRangeTime=2026-07-02T00:00:00
HighRange=19.399999999999999
HighRangeTime=2026-07-10T00:00:00

[Pressure]
Low=1012.7
LTime=2026-07-06T21:02:15
High=1028.5
HTime=2026-07-21T07:40:20

[Rain]
High=6.5999999999999996
HTime=2026-07-02T04:36:40
HourlyHigh=1.1000000000000001
HHourlyTime=2026-07-02T04:37:00
DailyHigh=1.1000000000000227
HDailyTime=2026-07-02T04:36:40
24Hour=1.2
24HourTime=2026-07-01T00:00:00
LongestDryPeriod=19
LongestDryPeriodTime=2026-07-21T00:00:00
LongestWetPeriod=1
LongestWetPeriodTime=2026-07-02T00:00:00

[Humidity]
Low=33
LTime=2026-07-10T14:40:41
High=97
HTime=2026-07-21T05:48:52

[HeatIndex]
High=35.865329579715556
HTime=2026-07-10T13:50:17

[AppTemp]
Low=9.395735463167302
LTime=2026-07-20T04:03:58
High=37.133206676833083
HTime=2026-07-10T14:10:19

[Dewpoint]
Low=4.359480768662066
LTime=2026-07-20T01:57:10
High=20.27759617208083
HTime=2026-07-10T13:15:54

[WindChill]
Low=10.300000000000001
LTime=2026-07-20T04:03:58

[FeelsLike]
Low=10.287701729952163
LTime=2026-07-20T04:03:58
High=36.992834387364148
HTime=2026-07-10T14:10:19

[Humidex]
High=40.7871604809731
HTime=2026-07-10T13:50:17
