#Last updated: 01/02/2025 00:00:03
[General]
Date=2025-02-01T00:00:03

[Wind]
Speed=15.032211868800003
SpTime=2025-01-24T10:15:22
Gust=39.146385074999998
Time=2025-01-24T10:07:11
Windrun=145.48176137915488
WindrunTime=2025-01-24T23:59:00

[Temp]
Low=-7.0999999999999996
LTime=2025-01-11T06:39:58
High=11.199999999999999
HTime=2025-01-15T14:49:21
LowMax=0.69999999999999996
LMTime=2025-01-11T13:59:00
HighMin=4.4000000000000004
HMTime=2025-01-17T05:36:00
LowRange=1.8999999999999999
LowRangeTime=2025-01-07T00:00:00
HighRange=11.1
HighRangeTime=2025-01-15T00:00:00

[Pressure]
Low=955.29999999999995
LTime=2025-01-06T02:57:36
High=1020.3
HTime=2025-01-12T10:10:48

[Rain]
High=34.799999999999997
HTime=2025-01-01T06:10:35
HourlyHigh=11.699999999999999
HHourlyTime=2025-01-01T06:49:00
DailyHigh=28.100000000000001
HDailyTime=2025-01-05T23:40:30
24Hour=36.399999999999999
24HourTime=2025-01-06T03:37:00
LongestDryPeriod=7
LongestDryPeriodTime=2025-01-19T00:00:00
LongestWetPeriod=6
LongestWetPeriodTime=2025-01-31T00:00:00

[Humidity]
Low=49
LTime=2025-01-24T14:02:25
High=99
HTime=2025-01-03T23:42:32

[HeatIndex]
High=11.199999999999999
HTime=2025-01-15T14:49:21

[AppTemp]
Low=-9.9517305226800676
LTime=2025-01-11T06:39:58
High=10.661972304520404
HTime=2025-01-15T14:51:31

[Dewpoint]
Low=-7.4950341422185156
LTime=2025-01-11T06:39:58
High=9.8984022268428866
HTime=2025-01-01T00:00:00

[WindChill]
Low=-7.0999999999999996
LTime=2025-01-11T06:39:58

[FeelsLike]
Low=-7.0999999999999996
LTime=2025-01-11T06:39:58
High=11.181801509374123
HTime=2025-01-15T14:51:31

[Humidex]
High=11.781596210630211
HTime=2025-01-14T15:35:51
