#Last updated: 30/04/2025 13:48:38
[General]
Date=2025-04-30T13:48:38

[Wind]
Speed=8.131263414150002
SpTime=2025-04-16T15:36:49
Gust=21.027201126000001
Time=2025-04-16T15:59:30
Windrun=63.915638333428873
WindrunTime=2025-04-16T23:59:00

[Temp]
Low=0.90000000000000002
LTime=2025-04-10T06:03:26
High=25.899999999999999
HTime=2025-04-30T13:39:17
LowMax=8.8000000000000007
LMTime=2025-04-16T00:16:00
HighMin=8.3000000000000007
HMTime=2025-04-29T05:59:00
LowRange=4.3000000000000007
LowRangeTime=2025-04-16T00:00:00
HighRange=18
HighRangeTime=2025-04-11T00:00:00

[Pressure]
Low=974.5
LTime=2025-04-16T06:02:45
High=1014.6
HTime=2025-04-10T00:15:34

[Rain]
High=17.399999999999999
HTime=2025-04-21T19:40:53
HourlyHigh=5.7999999999999998
HHourlyTime=2025-04-23T02:55:00
DailyHigh=10.900000000000006
HDailyTime=2025-04-23T03:56:37
24Hour=11.5
24HourTime=2025-04-23T03:57:00
LongestDryPeriod=16
LongestDryPeriodTime=2025-04-13T00:00:00
LongestWetPeriod=3
LongestWetPeriodTime=2025-04-16T00:00:00

[Humidity]
Low=23
LTime=2025-04-30T13:48:38
High=98
HTime=2025-04-15T05:49:25

[HeatIndex]
High=25.899999999999999
HTime=2025-04-30T13:39:17

[AppTemp]
Low=-1.0787571848877526
LTime=2025-04-10T06:03:26
High=25.35790222341528
HTime=2025-04-30T13:34:57

[Dewpoint]
Low=-0.93055205811996633
LTime=2025-04-06T18:08:26
High=12.903105109773266
HTime=2025-04-29T13:02:15

[WindChill]
Low=0.90000000000000002
LTime=2025-04-10T06:03:26

[FeelsLike]
Low=0.90000000000000002
LTime=2025-04-10T06:03:26
High=26.221470886923886
HTime=2025-04-30T13:39:17

[Humidex]
High=26.455336029024132
HTime=2025-04-30T13:34:07
