#Last updated: 22/07/2026 15:50:00
[General]
Date=22/07/2026
Timestamp=2026-07-22T15:50:00
CurrentYear=2026
CurrentMonth=7
CurrentDay=22

[Wind]
Speed=2.5463791434500007
SpTime=2026-07-22T07:21:28
Gust=9.1714387889999998
Time=2026-07-22T15:01:00
Bearing=43
Direction=NE
Windrun=17.179526422702956
DominantWindBearing=329
DominantWindBearingMinutes=951
DominantWindBearingX=-473.77247034606648
DominantWindBearingY=765.08385624216839

[Temp]
Low=14.699999999999999
LTime=2026-07-22T04:50:57
High=20.5
HTime=2026-07-22T15:32:33
Total=15830.900000000012
Samples=952
ChillHours=2520.3666666711474
HeatingDegreeDays=1.3442361111111165
CoolingDegreeDays=0.24138888888888849
GrowingDegreeDaysThisYear1=1230.1999999999989
GrowingDegreeDaysThisYear2=560.90000000000009

[TempMidnight]
Low=14.699999999999999
LTime=2026-07-22T04:50:57
High=20.5
HTime=2026-07-22T15:32:33

[Temp9am]
Low=15.6
LTime=2026-07-22T09:00:00
High=20.5
HTime=2026-07-22T15:32:33

[Pressure]
Low=1023.9
LTime=2026-07-22T15:45:14
High=1026.9000000000001
HTime=2026-07-22T00:00:22

[Rain]
High=0
HTime=2026-07-22T00:00:00
HourlyHigh=0
HHourlyTime=2026-07-22T00:00:00
High24h=0
High24hTime=2026-07-22T00:00:00
Yesterday=0
Start=481.5
Midnight=481.5
Last=481.5
LastTip=2026-07-02 04:36
ConsecutiveRainDays=0
ConsecutiveDryDays=19
RG11Today=0

[ET]
Annual=0
Startofday=0

[Humidity]
Low=67
High=89
LTime=2026-07-22T12:31:22
HTime=2026-07-22T04:44:26

[Solar]
SunshineHours=0.016666666666666666
SunshineHoursToMidnight=1.0500000000000012
HighSolarRad=803
HighSolarRadTime=2026-07-22T12:10:51
HighUV=7
HighUVTime=2026-07-22T12:10:51
SunStart=0

[HeatIndex]
High=20.5
HTime=2026-07-22T15:32:33

[AppTemp]
Low=14.913295217882826
LTime=2026-07-22T06:20:04
High=21.672256293503136
HTime=2026-07-22T12:31:02

[FeelsLike]
Low=14.885288533811433
LTime=2026-07-22T06:20:04
High=21.688308088946147
HTime=2026-07-22T12:31:02

[Humidex]
High=24.166478701793668
HTime=2026-07-22T15:32:33

[WindChill]
Low=14.699999999999999
LTime=2026-07-22T04:50:57

[Dewpoint]
Low=11.965636217762837
LTime=2026-07-22T08:54:06
High=14.615403146852588
HTime=2026-07-22T15:32:33

[NOAA]
LatestMonthlyReport=NOAAMO0726.txt
LatestYearlyReport=NOAAYR2026.txt

[FineOffset]
FOSensorClockTime=0001-01-01T00:00:00
FOStationClockTime=0001-01-01T00:00:00
FOSolarClockTime=0001-01-01T00:00:00

[Records]
Alltime=2026-07-10T14:30:20

[Lightning]
Distance=-1
LastStrike=1900-01-01T00:00:00
StrikesToday=0
Counter=0
