#Last updated: 27/12/2025 10:10:20
[General]
Date=2025-12-27T10:10:20

[Wind]
Speed=15.032211868800003
SpTime=2025-01-24T10:15:22
Gust=39.146385074999998
Time=2025-01-24T10:07:11
Windrun=155.65364570091225
WindrunTime=2025-09-15T23:59:00

[Temp]
Low=-7.0999999999999996
LTime=2025-01-11T06:39:58
High=32.200000000000003
HTime=2025-08-13T14:35:16
LowMax=0.69999999999999996
LMTime=2025-01-11T13:59:00
HighMin=17.800000000000001
HMTime=2025-06-28T23:49:00
LowRange=1.3999999999999986
LowRangeTime=2025-11-04T00:00:00
HighRange=18.800000000000001
HighRangeTime=2025-05-10T00:00:00

[Pressure]
Low=955.29999999999995
LTime=2025-01-06T02:57:36
High=1038
HTime=2025-12-27T10:10:20

[Rain]
High=65.400000000000006
HTime=2025-10-31T14:54:29
HourlyHigh=31.300000000000001
HHourlyTime=2025-09-04T12:01:00
DailyHigh=44.200000000000045
HDailyTime=2025-09-20T23:56:45
24Hour=47.600000000000001
24HourTime=2025-09-04T12:12:00
MonthlyHigh=174.5
HMonthlyTime=2025-09-28T02:58:40
LongestDryPeriod=27
LongestDryPeriodTime=2025-05-20T00:00:00
LongestWetPeriod=14
LongestWetPeriodTime=2025-11-01T00:00:00

[Humidity]
Low=23
LTime=2025-04-30T13:48:38
High=99
HTime=2025-01-03T23:42:32

[HeatIndex]
High=32.879454675597785
HTime=2025-08-13T13:22:41

[AppTemp]
Low=-9.9517305226800676
LTime=2025-01-11T06:39:58
High=34.684841679865855
HTime=2025-08-13T13:22:51

[Dewpoint]
Low=-7.4950341422185156
LTime=2025-01-11T06:39:58
High=19.871911334711836
HTime=2025-06-21T15:49:14

[WindChill]
Low=-7.0999999999999996
LTime=2025-01-11T06:39:58

[FeelsLike]
Low=-7.0999999999999996
LTime=2025-01-11T06:39:58
High=34.626341687065633
HTime=2025-08-13T13:40:02

[Humidex]
High=37.877971580689156
HTime=2025-08-13T13:22:41
