#Last updated: 07/12/2024 23:59:00
[General]
Date=2024-12-07T23:59:00

[Wind]
Speed=14.666845608100001
SpTime=2024-12-07T15:28:30
Gust=36.685755155999999
Time=2024-12-07T14:19:35
Windrun=218.63662693907992
WindrunTime=2024-12-07T23:59:00

[Temp]
Low=-7.2000000000000002
LTime=2024-01-18T03:26:25
High=28.899999999999999
HTime=2024-07-31T18:30:32
LowMax=1.3
LMTime=2024-11-19T14:30:00
HighMin=16.800000000000001
HMTime=2024-09-06T23:48:00
LowRange=0
LowRangeTime=2024-02-04T00:00:00
HighRange=16.799999999999997
HighRangeTime=2024-07-31T00:00:00

[Pressure]
Low=952
LTime=2024-03-28T17:21:12
High=1024.8
HTime=2024-01-11T22:04:54

[Rain]
High=49.799999999999997
HTime=2024-09-21T16:48:13
HourlyHigh=32.5
HHourlyTime=2024-02-06T10:25:00
DailyHigh=49.899999999999977
HDailyTime=2024-09-21T23:11:36
24Hour=62.5
24HourTime=2024-09-22T14:52:00
MonthlyHigh=231.89999999999995
HMonthlyTime=2024-09-30T19:58:54
LongestDryPeriod=11
LongestDryPeriodTime=2024-06-28T00:00:00
LongestWetPeriod=13
LongestWetPeriodTime=2024-02-23T00:00:00

[Humidity]
Low=31
LTime=2024-05-19T15:29:19
High=99
HTime=2024-01-04T21:00:27

[HeatIndex]
High=29.300882540051166
HTime=2024-07-31T18:32:12

[AppTemp]
Low=-10.255453004104281
LTime=2024-01-18T06:00:57
High=31.185273860680311
HTime=2024-07-31T18:32:12

[Dewpoint]
Low=-8.3196841300187998
LTime=2024-01-18T05:07:10
High=20.547990900049097
HTime=2024-08-12T11:56:37

[WindChill]
Low=-7.2000000000000002
LTime=2024-01-18T03:26:25

[FeelsLike]
Low=-7.2000000000000002
LTime=2024-01-18T03:26:25
High=31.178715198555434
HTime=2024-07-31T18:32:12

[Humidex]
High=33.9405397489327
HTime=2024-07-31T18:32:12
