#Last updated: 22/07/2026 00:00:00
[General]
Date=2026-07-22T00:00:00

[Wind]
Speed=15.274546633549997
SpTime=2026-04-05T00:11:17
Gust=40.488546849000002
Time=2026-04-04T20:02:18
Windrun=137.744509437641
WindrunTime=2026-03-12T23:59:00

[Temp]
Low=-8.8000000000000007
LTime=2026-01-06T01:17:29
High=34.299999999999997
HTime=2026-07-10T14:30:20
LowMax=-0.59999999999999998
LMTime=2026-01-05T00:00:00
HighMin=19.199999999999999
HMTime=2026-06-25T05:21:00
LowRange=1.5999999999999996
LowRangeTime=2026-02-10T00:00:00
HighRange=20
HighRangeTime=2026-05-25T00:00:00

[Pressure]
Low=973.79999999999995
LTime=2026-02-11T21:33:07
High=1031
HTime=2026-04-23T09:15:53

[Rain]
High=36
HTime=2026-06-02T18:04:44
HourlyHigh=8
HHourlyTime=2026-06-02T18:05:00
DailyHigh=18.899999999999991
HDailyTime=2026-01-27T11:19:45
24Hour=24.899999999999999
24HourTime=2026-01-07T08:28:00
MonthlyHigh=131.69999999999999
HMonthlyTime=2026-01-31T23:49:43
LongestDryPeriod=19
LongestDryPeriodTime=2026-07-21T00:00:00
LongestWetPeriod=15
LongestWetPeriodTime=2026-02-13T00:00:00

[Humidity]
Low=27
LTime=2026-04-25T18:10:25
High=99
HTime=2026-01-06T08:06:02

[HeatIndex]
High=39.011986261617793
HTime=2026-06-26T13:01:44

[AppTemp]
Low=-11.82505137929488
LTime=2026-01-06T01:17:29
High=38.087020086042635
HTime=2026-06-26T13:01:44

[Dewpoint]
Low=-9.5900365000036576
LTime=2026-01-06T01:17:29
High=25.120144717703507
HTime=2026-06-26T11:50:10

[WindChill]
Low=-8.8000000000000007
LTime=2026-01-06T01:17:29

[FeelsLike]
Low=-8.8000000000000007
LTime=2026-01-06T01:17:29
High=37.447644001229413
HTime=2026-05-26T13:59:40

[Humidex]
High=43.79169406241067
HTime=2026-06-26T13:01:44
