#Last updated: 22/07/2026 09:00:00
[General]
Date=2026-07-22T09:00:00

[Wind]
Speed=3.9892030505000018
SpTime=2026-07-21T18:06:08
Gust=12.974230481999999
Time=2026-07-21T19:21:54
Bearing=345
Direction=NNW
Windrun=27.9995451305725
DominantWindBearing=321

[Temp]
Low=12.699999999999999
LTime=2026-07-21T03:45:24
High=25
HTime=2026-07-21T13:26:56
ChillHours=2520.3666666711474
HeatingDegreeDays=2.0129861111111187
CoolingDegreeDays=1.5365277777777813
AvgTemp=17.821582234559376

[TempMidnight]
Low=12.699999999999999
LTime=2026-07-21T03:45:24
High=25
HTime=2026-07-21T13:26:56

[Pressure]
Low=1025.5
LTime=2026-07-21T17:15:13
High=1028.5
HTime=2026-07-21T07:40:20

[Rain]
High=0
HTime=2026-07-21T00:00:00
HourlyHigh=0
HHourlyTime=2026-07-21T00:00:00
High24h=0
High24hTime=2026-07-21T00:00:00
RG11Yesterday=0

[Humidity]
Low=53
High=97
LTime=2026-07-21T13:25:36
HTime=2026-07-21T05:48:52

[Solar]
SunshineHours=1.0500000000000012
HighSolarRad=761
HighSolarRadTime=2026-07-21T12:07:31
HighUV=7
HighUVTime=2026-07-21T12:06:51

[HeatIndex]
High=25
HTime=2026-07-21T13:26:56

[AppTemp]
Low=13.230860838604851
LTime=2026-07-21T02:22:27
High=26.607864807348552
HTime=2026-07-21T13:26:56

[WindChill]
Low=12.699999999999999
LTime=2026-07-21T03:45:24

[Dewpoint]
Low=11.366857620916294
LTime=2026-07-21T02:22:27
High=15.867070074340658
HTime=2026-07-21T13:02:24

[FeelsLike]
Low=12.853079414190104
LTime=2026-07-21T03:45:24
High=26.635187935924769
HTime=2026-07-21T13:26:56

[Humidex]
High=29.291816459272166
HTime=2026-07-21T13:26:36

[Temp9am]
Low=14.699999999999999
LTime=2026-07-22T04:50:57
High=25
HTime=2026-07-21T13:26:56
