#Last updated: 01/08/2024 00:00:00
[Temperature]
hightempvalue=28.899999999999999
hightemptime=2024-07-31T18:30:32
lowtempvalue=-7.2000000000000002
lowtemptime=2024-01-18T03:26:25
lowchillvalue=-7.2000000000000002
lowchilltime=2024-01-18T03:26:25
highmintempvalue=14.4
highmintemptime=2024-07-20T23:51:00
lowmaxtempvalue=1.8
lowmaxtemptime=2024-01-17T13:34:00
highapptempvalue=31.185273860680311
highapptemptime=2024-07-31T18:32:12
lowapptempvalue=-10.255453004104281
lowapptemptime=2024-01-18T06:00:57
highfeelslikevalue=31.178715198555434
highfeelsliketime=2024-07-31T18:32:12
lowfeelslikevalue=-7.2000000000000002
lowfeelsliketime=2024-01-18T03:26:25
highhumidexvalue=33.9405397489327
highhumidextime=2024-07-31T18:32:12
highheatindexvalue=29.300882540051166
highheatindextime=2024-07-31T18:32:12
highdewpointvalue=18.881742894311827
highdewpointtime=2024-06-25T14:15:56
lowdewpointvalue=-8.3196841300187998
lowdewpointtime=2024-01-18T05:07:10
hightemprangevalue=16.799999999999997
hightemprangetime=2024-07-31T00:00:00
lowtemprangevalue=0
lowtemprangetime=2024-02-04T00:00:00

[Wind]
highwindvalue=12.672989728279999
highwindtime=2024-01-23T22:13:04
highgustvalue=33.106657091999999
highgusttime=2024-01-23T19:55:44
highdailywindrunvalue=136.74520785977862
highdailywindruntime=2024-01-21T23:59:00

[Rain]
highrainratevalue=38.399999999999999
highrainratetime=2024-05-21T23:23:56
highdailyrainvalue=49.600000000000023
highdailyraintime=2024-05-22T23:55:29
highhourlyrainvalue=32.5
highhourlyraintime=2024-02-06T10:25:00
high24hourrainvalue=59.700000000000003
high24hourraintime=2024-05-22T22:15:00
highmonthlyrainvalue=138
highmonthlyraintime=2024-05-30T20:26:52
longestdryperiodvalue=11
longestdryperiodtime=2024-06-28T00:00:00
longestwetperiodvalue=13
longestwetperiodtime=2024-02-23T00:00:00

[Pressure]
highpressurevalue=1024.8
highpressuretime=2024-01-11T22:04:54
lowpressurevalue=952
lowpressuretime=2024-03-28T17:21:12

[Humidity]
highhumidityvalue=99
highhumiditytime=2024-01-04T21:00:27
lowhumidityvalue=31
lowhumiditytime=2024-05-19T15:29:19
