#Last updated: 01/02/2024 00:00:00
[General]
Date=2024-02-01T00:00:00

[Wind]
Speed=12.672989728279999
SpTime=2024-01-23T22:13:04
Gust=33.106657091999999
Time=2024-01-23T19:55:44
Windrun=136.74520785977862
WindrunTime=2024-01-21T23:59:00

[Temp]
Low=-7.2000000000000002
LTime=2024-01-18T03:26:25
High=13.5
HTime=2024-01-23T19:08:24
LowMax=1.8
LMTime=2024-01-17T13:34:00
HighMin=8.1999999999999993
HMTime=2024-01-29T04:48:00
LowRange=1.8999999999999972
LowRangeTime=2024-01-04T00:00:00
HighRange=11.300000000000001
HighRangeTime=2024-01-31T00:00:00

[Pressure]
Low=972.89999999999998
LTime=2024-01-21T22:04:04
High=1024.8
HTime=2024-01-11T22:04:54

[Rain]
High=12
HTime=2024-01-29T06:51:54
HourlyHigh=8.5999999999999996
HHourlyTime=2024-01-29T07:07:00
DailyHigh=23.799999999999997
HDailyTime=2024-01-29T22:57:20
24Hour=24.199999999999999
24HourTime=2024-01-30T03:38:00
LongestDryPeriod=6
LongestDryPeriodTime=2024-01-14T00:00:00
LongestWetPeriod=3
LongestWetPeriodTime=2024-01-08T00:00:00

[Humidity]
Low=47
LTime=2024-01-15T13:31:26
High=99
HTime=2024-01-04T21:00:27

[HeatIndex]
High=13.5
HTime=2024-01-23T19:08:24

[AppTemp]
Low=-10.255453004104281
LTime=2024-01-18T06:00:57
High=12.438212810633722
HTime=2024-01-23T17:45:27

[Dewpoint]
Low=-8.3196841300187998
LTime=2024-01-18T05:07:10
High=10.711781122949171
HTime=2024-01-23T17:59:55

[WindChill]
Low=-7.2000000000000002
LTime=2024-01-18T03:26:25

[FeelsLike]
Low=-7.2000000000000002
LTime=2024-01-18T03:26:25
High=12.826081007526769
HTime=2024-01-23T17:45:27

[Humidex]
High=14.979821003123602
HTime=2024-01-23T19:09:20
