#Last updated: 31/05/2024 00:00:00
[General]
Date=2024-05-31T00:00:00

[Wind]
Speed=5.9987174843500011
SpTime=2024-05-30T17:58:33
Gust=19.237652094000001
Time=2024-05-23T03:16:11
Windrun=60.591982806808495
WindrunTime=2024-05-23T23:59:00

[Temp]
Low=4.4000000000000004
LTime=2024-05-05T06:03:12
High=25.600000000000001
HTime=2024-05-12T14:54:21
LowMax=11.4
LMTime=2024-05-23T15:21:00
HighMin=12.5
HMTime=2024-05-12T05:26:00
LowRange=2.3000000000000007
LowRangeTime=2024-05-22T00:00:00
HighRange=16.100000000000001
HighRangeTime=2024-05-19T00:00:00

[Pressure]
Low=980.60000000000002
LTime=2024-05-14T07:49:40
High=1010.8
HTime=2024-05-08T09:26:14

[Rain]
High=38.399999999999999
HTime=2024-05-21T23:23:56
HourlyHigh=11.800000000000001
HHourlyTime=2024-05-21T23:29:00
DailyHigh=49.600000000000023
HDailyTime=2024-05-22T23:55:29
24Hour=59.700000000000003
24HourTime=2024-05-22T22:15:00
LongestDryPeriod=4
LongestDryPeriodTime=2024-05-11T00:00:00
LongestWetPeriod=5
LongestWetPeriodTime=2024-05-30T00:00:00

[Humidity]
Low=31
LTime=2024-05-19T15:29:19
High=99
HTime=2024-05-17T02:29:01

[HeatIndex]
High=25.600000000000001
HTime=2024-05-12T14:54:21

[AppTemp]
Low=3.0747517627893899
LTime=2024-05-05T06:03:12
High=27.288606287655387
HTime=2024-05-12T14:55:32

[Dewpoint]
Low=3.9657157414956434
LTime=2024-05-05T06:03:12
High=16.439875265314203
HTime=2024-05-12T18:55:42

[WindChill]
Low=4.4000000000000004
LTime=2024-05-05T06:03:12

[FeelsLike]
Low=4.4000000000000004
LTime=2024-05-05T06:03:12
High=27.336008585956716
HTime=2024-05-12T14:55:32

[Humidex]
High=29.868913021323081
HTime=2024-05-12T14:55:32
