#Last updated: 01/07/2024 00:00:00
[General]
Date=2024-07-01T00:00:00

[Wind]
Speed=6.5020281496000019
SpTime=2024-06-27T12:18:02
Gust=25.053686448000001
Time=2024-06-27T15:57:47
Windrun=75.444883967888856
WindrunTime=2024-06-27T23:59:00

[Temp]
Low=5.0999999999999996
LTime=2024-06-13T04:14:59
High=27.600000000000001
HTime=2024-06-26T17:51:38
LowMax=13.6
LMTime=2024-06-13T10:33:00
HighMin=14.300000000000001
HMTime=2024-06-25T02:53:00
LowRange=4.2999999999999989
LowRangeTime=2024-06-30T00:00:00
HighRange=13.700000000000001
HighRangeTime=2024-06-26T00:00:00

[Pressure]
Low=977.70000000000005
LTime=2024-06-15T11:55:28
High=1011.6
HTime=2024-06-01T23:57:01

[Rain]
High=16.800000000000001
HTime=2024-06-15T14:58:36
HourlyHigh=6.2999999999999998
HHourlyTime=2024-06-10T05:35:00
DailyHigh=15
HDailyTime=2024-06-09T23:20:48
24Hour=23
24HourTime=2024-06-10T05:46:00
LongestDryPeriod=11
LongestDryPeriodTime=2024-06-28T00:00:00
LongestWetPeriod=5
LongestWetPeriodTime=2024-06-17T00:00:00

[Humidity]
Low=46
LTime=2024-06-05T13:15:29
High=98
HTime=2024-06-02T05:32:19

[HeatIndex]
High=28.338644883164584
HTime=2024-06-26T17:54:49

[AppTemp]
Low=3.8218871190807704
LTime=2024-06-13T04:14:59
High=30.047485627684722
HTime=2024-06-26T17:54:49

[Dewpoint]
Low=2.3044209185324229
LTime=2024-06-05T16:12:33
High=18.881742894311827
HTime=2024-06-25T14:15:56

[WindChill]
Low=5.0999999999999996
LTime=2024-06-13T04:14:59

[FeelsLike]
Low=5.0999999999999996
LTime=2024-06-13T04:14:59
High=29.889108204636361
HTime=2024-06-26T17:54:49

[Humidex]
High=33.096832251605541
HTime=2024-06-26T17:54:49
