#Last updated: 25/02/2024 00:00:00
[General]
Date=2024-02-25T00:00:00

[Wind]
Speed=9.5174182685200019
SpTime=2024-02-02T11:40:22
Gust=25.053686448000001
Time=2024-02-06T06:47:04
Windrun=136.18438307702786
WindrunTime=2024-02-02T23:59:00

[Temp]
Low=-2.2000000000000002
LTime=2024-02-24T07:32:30
High=14.9
HTime=2024-02-15T13:40:11
LowMax=2.7999999999999998
LMTime=2024-02-08T23:34:00
HighMin=10
HMTime=2024-02-15T23:53:00
LowRange=0
LowRangeTime=2024-02-04T00:00:00
HighRange=10.300000000000001
HighRangeTime=2024-02-24T00:00:00

[Pressure]
Low=955.39999999999998
LTime=2024-02-09T06:15:31
High=1018.2
HTime=2024-02-01T12:47:39

[Rain]
High=17.399999999999999
HTime=2024-02-18T03:40:48
HourlyHigh=32.5
HHourlyTime=2024-02-06T10:25:00
DailyHigh=38.100000000000001
HDailyTime=2024-02-06T16:06:16
24Hour=42.5
24HourTime=2024-02-06T19:14:00
LongestDryPeriod=4
LongestDryPeriodTime=2024-02-05T00:00:00
LongestWetPeriod=13
LongestWetPeriodTime=2024-02-23T00:00:00

[Humidity]
Low=58
LTime=2024-02-12T14:24:56
High=99
HTime=2024-02-11T10:56:46

[HeatIndex]
High=14.9
HTime=2024-02-15T13:40:11

[AppTemp]
Low=-4.5198056984867705
LTime=2024-02-24T07:32:30
High=15.224143446299109
HTime=2024-02-15T14:16:07

[Dewpoint]
Low=-2.4729549695959996
LTime=2024-02-24T07:32:30
High=12.609231910389351
HTime=2024-02-15T11:39:41

[WindChill]
Low=-2.2000000000000002
LTime=2024-02-24T07:32:30

[FeelsLike]
Low=-2.2000000000000002
LTime=2024-02-24T07:32:30
High=15.076211142124805
HTime=2024-02-15T14:01:24

[Humidex]
High=17.046804008131453
HTime=2024-02-15T13:40:41
