#Last updated: 01/08/2024 00:00:00
[General]
Date=2024-08-01T00:00:00

[Wind]
Speed=6.0210868472500012
SpTime=2024-07-04T14:12:38
Gust=19.237652094000001
Time=2024-07-04T14:07:26
Windrun=81.476613998980753
WindrunTime=2024-07-04T23:59:00

[Temp]
Low=6.5999999999999996
LTime=2024-07-08T04:57:00
High=28.899999999999999
HTime=2024-07-31T18:30:32
LowMax=14.4
LMTime=2024-07-11T14:22:00
HighMin=14.4
HMTime=2024-07-20T23:51:00
LowRange=2.8000000000000007
LowRangeTime=2024-07-11T00:00:00
HighRange=16.799999999999997
HighRangeTime=2024-07-31T00:00:00

[Pressure]
Low=979.79999999999995
LTime=2024-07-06T05:05:57
High=1007.9
HTime=2024-07-28T09:26:40

[Rain]
High=10.199999999999999
HTime=2024-07-20T21:21:34
HourlyHigh=6.5999999999999996
HHourlyTime=2024-07-09T05:04:00
DailyHigh=19.799999999999955
HDailyTime=2024-07-16T13:34:53
24Hour=27.899999999999999
24HourTime=2024-07-16T13:35:00
LongestDryPeriod=6
LongestDryPeriodTime=2024-07-31T00:00:00
LongestWetPeriod=8
LongestWetPeriodTime=2024-07-13T00:00:00

[Humidity]
Low=45
LTime=2024-07-28T15:22:28
High=99
HTime=2024-07-16T06:38:38

[HeatIndex]
High=29.300882540051166
HTime=2024-07-31T18:32:12

[AppTemp]
Low=5.6505915425472608
LTime=2024-07-08T04:59:10
High=31.185273860680311
HTime=2024-07-31T18:32:12

[Dewpoint]
Low=4.9669928850025125
LTime=2024-07-04T05:40:08
High=18.525191374472154
HTime=2024-07-09T13:58:08

[WindChill]
Low=6.5999999999999996
LTime=2024-07-08T04:57:00

[FeelsLike]
Low=6.5999999999999996
LTime=2024-07-08T04:57:00
High=31.178715198555434
HTime=2024-07-31T18:32:12

[Humidex]
High=33.9405397489327
HTime=2024-07-31T18:32:12
