#Last updated: 01/08/2024 10:37:00
[General]
Date=2024-08-01T10:37:00

[Wind]
Speed=2.0579813868000003
SpTime=2024-08-01T08:22:26
Gust=7.1581961280000002
Time=2024-08-01T08:15:32
Windrun=7.8139186148507145
WindrunTime=2024-08-01T10:37:00

[Temp]
Low=16.199999999999999
LTime=2024-08-01T07:34:45
High=19.5
HTime=2024-08-01T00:00:00
LowMax=9999
LMTime=2024-08-01T00:00:00
HighMin=-9999
HMTime=2024-08-01T00:00:00
LowRange=9999
LowRangeTime=2024-08-01T00:00:00
HighRange=-9999
HighRangeTime=2024-08-01T00:00:00

[Pressure]
Low=994.60000000000002
LTime=2024-08-01T06:25:50
High=995.89999999999998
HTime=2024-08-01T10:26:51

[Rain]
High=1.8
HTime=2024-08-01T05:14:00
HourlyHigh=0.59999999999999998
HHourlyTime=2024-08-01T05:32:00
DailyHigh=0.59999999999990905
HDailyTime=2024-08-01T05:31:33
24Hour=0.59999999999999998
24HourTime=2024-08-01T05:32:00
LongestDryPeriod=0
LongestDryPeriodTime=2024-08-01T00:00:00
LongestWetPeriod=0
LongestWetPeriodTime=2024-08-01T00:00:00

[Humidity]
Low=77
LTime=2024-08-01T01:07:19
High=95
HTime=2024-08-01T07:26:34

[HeatIndex]
High=19.5
HTime=2024-08-01T00:00:00

[AppTemp]
Low=17.526724618009748
LTime=2024-08-01T07:55:50
High=21.252437080616087
HTime=2024-08-01T00:00:23

[Dewpoint]
Low=14.579468653975796
LTime=2024-08-01T03:05:40
High=16.339238405994166
HTime=2024-08-01T10:35:53

[WindChill]
Low=16.199999999999999
LTime=2024-08-01T07:34:45

[FeelsLike]
Low=16.857857282168744
LTime=2024-08-01T07:55:50
High=20.928157838880562
HTime=2024-08-01T00:00:23

[Humidex]
High=24.043191768302833
HTime=2024-08-01T10:35:53
