#Last updated: 30/03/2024 00:00:00
[General]
Date=2024-03-30T00:00:00

[Wind]
Speed=7.8330052421500049
SpTime=2024-03-27T16:16:20
Gust=22.816750157999998
Time=2024-03-27T16:06:56
Windrun=87.827524674767346
WindrunTime=2024-03-23T23:59:00

[Temp]
Low=-2.1000000000000001
LTime=2024-03-04T04:55:05
High=15.1
HTime=2024-03-17T13:22:51
LowMax=7
LMTime=2024-03-02T13:59:00
HighMin=10.199999999999999
HMTime=2024-03-13T06:30:00
LowRange=2.3999999999999995
LowRangeTime=2024-03-11T00:00:00
HighRange=13.299999999999999
HighRangeTime=2024-03-04T00:00:00

[Pressure]
Low=952
LTime=2024-03-28T17:21:12
High=1006.5
HTime=2024-03-21T00:00:02

[Rain]
High=13.800000000000001
HTime=2024-03-29T17:32:25
HourlyHigh=4
HHourlyTime=2024-03-28T16:21:00
DailyHigh=14.099999999999994
HDailyTime=2024-03-28T22:19:38
24Hour=15.199999999999999
24HourTime=2024-03-17T09:10:00
LongestDryPeriod=4
LongestDryPeriodTime=2024-03-09T00:00:02
LongestWetPeriod=11
LongestWetPeriodTime=2024-03-29T00:00:00

[Humidity]
Low=42
LTime=2024-03-22T14:42:41
High=99
HTime=2024-03-21T04:04:12

[HeatIndex]
High=15.1
HTime=2024-03-17T13:22:51

[AppTemp]
Low=-4.4246005062316787
LTime=2024-03-04T04:55:05
High=14.865224014930703
HTime=2024-03-17T12:49:57

[Dewpoint]
Low=-2.511871420268994
LTime=2024-03-04T04:55:05
High=12.023376172848568
HTime=2024-03-17T12:46:05

[WindChill]
Low=-2.1000000000000001
LTime=2024-03-04T04:55:05

[FeelsLike]
Low=-2.1000000000000001
LTime=2024-03-04T04:55:05
High=15.046356548002892
HTime=2024-03-17T13:22:51

[Humidex]
High=17.046804008131453
HTime=2024-03-17T12:47:46
