#Last updated: 01/08/2024 10:37:00
[General]
Date=01/08/2024
Timestamp=2024-08-01T10:37:00
CurrentYear=2024
CurrentMonth=8
CurrentDay=1

[Wind]
Speed=2.0579813868000003
SpTime=08:22
Gust=7.1581961280000002
Time=08:15
Bearing=345
Direction=NNW
Windrun=7.8139186148507145
DominantWindBearing=321
DominantWindBearingMinutes=638
DominantWindBearingX=-277.71201377201868
DominantWindBearingY=335.21480663959517

[Temp]
Low=16.199999999999999
LTime=07:34
High=19.5
HTime=00:00
Total=11187.799999999999
Samples=639
ChillHours=1453.4333333323402
HeatingDegreeDays=0.41645833333333276
CoolingDegreeDays=0.064305555555555408
GrowingDegreeDaysThisYear1=1176.9500000000003
GrowingDegreeDaysThisYear2=461.69999999999999

[TempMidnight]
Low=16.199999999999999
LTime=2024-08-01T07:34:45
High=19.5
HTime=2024-08-01T00:00:43

[Pressure]
Low=994.60000000000002
LTime=06:25
High=995.89999999999998
HTime=10:26

[Rain]
High=1.8
HTime=05:14
HourlyHigh=0.59999999999999998
HHourlyTime=05:32
High24h=0.59999999999999998
High24hTime=05:32
Yesterday=0
Start=642.20000000000005
Midnight=642.20000000000005
Last=642.79999999999995
LastTip=2024-08-01 05:31
ConsecutiveRainDays=0
ConsecutiveDryDays=6
RG11Today=0

[ET]
Annual=0
Startofday=0

[Humidity]
Low=77
High=95
LTime=01:07
HTime=07:26

[Solar]
SunshineHours=0
SunshineHoursToMidnight=0.29999999999999999
HighSolarRad=312
HighSolarRadTime=09:42
HighUV=3
HighUVTime=09:42
SunStart=0

[HeatIndex]
High=19.5
HTime=00:00

[AppTemp]
Low=17.526724618009748
LTime=07:55
High=21.252437080616087
HTime=00:00

[FeelsLike]
Low=16.857857282168744
LTime=07:55
High=20.928157838880562
HTime=00:00

[Humidex]
High=24.043191768302833
HTime=10:35

[WindChill]
Low=16.199999999999999
LTime=07:34

[Dewpoint]
Low=14.579468653975796
LTime=03:05
High=16.339238405994166
HTime=10:35

[NOAA]
LatestMonthlyReport=NOAAMO0724.txt
LatestYearlyReport=NOAAYR2024.txt

[FineOffset]
FOSensorClockTime=0001-01-01T00:00:00
FOStationClockTime=0001-01-01T00:00:00
FOSolarClockTime=0001-01-01T00:00:00

[Records]
Alltime=2024-07-31T00:00:00

[Lightning]
Distance=-1
LastStrike=1900-01-01T00:00:00
