#Last updated: 01/08/2024 00:00:00
[General]
Date=2024-08-01T00:00:00

[Wind]
Speed=12.672989728279999
SpTime=2024-01-23T22:13:04
Gust=33.106657091999999
Time=2024-01-23T19:55:44
Windrun=136.74520785977862
WindrunTime=2024-01-21T23:59:00

[Temp]
Low=-7.2000000000000002
LTime=2024-01-18T03:26:25
High=28.899999999999999
HTime=2024-07-31T18:30:32
LowMax=1.8
LMTime=2024-01-17T13:34:00
HighMin=14.4
HMTime=2024-07-20T23:51:00
LowRange=0
LowRangeTime=2024-02-04T00:00:00
HighRange=16.799999999999997
HighRangeTime=2024-07-31T00:00:00

[Pressure]
Low=952
LTime=2024-03-28T17:21:12
High=1024.8
HTime=2024-01-11T22:04:54

[Rain]
High=38.399999999999999
HTime=2024-05-21T23:23:56
HourlyHigh=32.5
HHourlyTime=2024-02-06T10:25:00
DailyHigh=49.600000000000023
HDailyTime=2024-05-22T23:55:29
24Hour=59.700000000000003
24HourTime=2024-05-22T22:15:00
MonthlyHigh=138
HMonthlyTime=2024-05-30T20:26:52
LongestDryPeriod=11
LongestDryPeriodTime=2024-06-28T00:00:00
LongestWetPeriod=13
LongestWetPeriodTime=2024-02-23T00:00:00

[Humidity]
Low=31
LTime=2024-05-19T15:29:19
High=99
HTime=2024-01-04T21:00:27

[HeatIndex]
High=29.300882540051166
HTime=2024-07-31T18:32:12

[AppTemp]
Low=-10.255453004104281
LTime=2024-01-18T06:00:57
High=31.185273860680311
HTime=2024-07-31T18:32:12

[Dewpoint]
Low=-8.3196841300187998
LTime=2024-01-18T05:07:10
High=18.881742894311827
HTime=2024-06-25T14:15:56

[WindChill]
Low=-7.2000000000000002
LTime=2024-01-18T03:26:25

[FeelsLike]
Low=-7.2000000000000002
LTime=2024-01-18T03:26:25
High=31.178715198555434
HTime=2024-07-31T18:32:12

[Humidex]
High=33.9405397489327
HTime=2024-07-31T18:32:12
