#Last updated: 01/08/2024 00:00:34
[General]
Date=2024-08-01T00:00:00

[Wind]
Speed=1.7709078962500009
SpTime=02:25
Gust=6.0397279830000006
Time=12:04
Bearing=31
Direction=NNE
Windrun=6.8700041693049876
DominantWindBearing=329

[Temp]
Low=12.1
LTime=05:29
High=28.899999999999999
HTime=18:30
ChillHours=1453.4333333323402
HeatingDegreeDays=1.6156944444444425
CoolingDegreeDays=4.0113194444444433
AvgTemp=20.691741845940335

[TempMidnight]
Low=12.1
LTime=05:29
High=28.899999999999999
HTime=18:30

[Pressure]
Low=994.60000000000002
LTime=18:43
High=1000.7
HTime=00:11

[Rain]
High=0
HTime=00:00
HourlyHigh=0
HHourlyTime=00:00
High24h=0
High24hTime=00:00
RG11Yesterday=0

[Humidity]
Low=46
High=92
LTime=13:08
HTime=05:34

[Solar]
SunshineHours=0.29999999999999999
HighSolarRad=652
HighSolarRadTime=14:02
HighUV=6
HighUVTime=12:36

[HeatIndex]
High=29.300882540051166
HTime=18:32

[AppTemp]
Low=12.331988737806618
LTime=05:29
High=31.185273860680311
HTime=18:32

[WindChill]
Low=12.1
LTime=05:29

[Dewpoint]
Low=10.674656505565279
LTime=05:29
High=17.837891105449192
HTime=14:32

[FeelsLike]
Low=12.173849188804887
LTime=05:29
High=31.178715198555434
HTime=18:32

[Humidex]
High=33.9405397489327
HTime=18:32
